\plot 1 1  2 1  2 5  1 5  1 1 /
\plot 0 0  1 0  1 5  0 5  0 0 /
\plot 2 0  4 0  4 2  2 2  2 0 /
\plot 5 0  8 0  8 2  5 2  5 0 /
\plot 6 2  8 2  8 6  6 6  6 2 /
\plot 3 6  8 6  8 8  3 8  3 6 /
\plot 0 5  3 5  3 8  0 8  0 5 /
\plot 2 2  6 2  6 5  2 5  2 2 /
\plot 1 0  2 0  2 1  1 1  1 0 /
\plot 4 0  5 0  5 2  4 2  4 0 /
\plot 3 5  6 5  6 6  3 6  3 5 /
\put {$\bullet$} at 1.500000 0.500000
\put {$\bullet$} at 4.500000 0.500000
\put {$\bullet$} at 4.500000 1.500000
\put {$\bullet$} at 3.500000 5.500000
\put {$\bullet$} at 4.500000 5.500000
\put {$\bullet$} at 5.500000 5.500000
