60 x 60 magic square
  1348  2302   553  1565   630  3460  1483  3449  2962  2898  2256  3158  2616   262  3003  1316  1447   484   119    23  2781   679  3404  1186   725   884  2089   919  1687    41  3255  1759  2414   714  1830  1465  2220  3429  1507  2373  3232  3023   117  2728  2521  2717  2846  3265  2228   514  2727  3130   350  1442  2797   280   236    44  2303   835
  1847  2692  1424  1212  2435  2314  1923  3071  2274   838   229  2753  1503  2568   877   140   167  2838   956  1420  3465   125   355  2882  2243   381  3419  2535  2283  1240  2635  2298   750  2494   187  2748  1519   515   774  3445  3484  3558   235  2545  3524  1508  1797  3233  2929  2392  2598  1772    22  3295   830   227   290  1560  2002   455
   138  2013  1604  3279  2476  2779  2680  3132   361  1289  3541  2456   845  1192  1175   656  2325  1978   313  3081  3143  2496  2281  2613  2730  1837  2488  1129  2367  3193   655   977  2741   585   926  1125   562   424  2400  1799   489   530  2268  1091   277  1260  3590  2609  2721  1688  2304   985  1297   847  1336   113  3208  2497  3243  1893
  2996  2670  1820  2550  3365   561    78   196  1369  1535  2148   145   935   982  1241  1881  2483  2216  1227  1170  2978  3234  2667   326  3139  1810  2318  3572   508  2863  1418   201  1457  2395  1645  2896  1335  1957   885  2624  1204   272   724  1804   436  2129  1496  2718  1487  3401    42  2603  3482  1409  2469  1350   880  2236  2511  3581
    97  1144  3249  2591  2612  2087   896  1310  2674  1231  3178   961  1742  3502  2055  1160  1808  1417   528  2804    49  1733  1778   672  3144  1702   796  2447  1695  2286  2954  1250  1815    61  1767   729   457  3503  3307   104  2088  1224  2969   441   782  2344   184  2814  1750  1226  2155  3014   392   417  2432  2295  2355  3332  3304  3217
  3360  1382  1472   505  1776  2639   611  1007  2001   807  1440  1340  2326  1371  2358  1019  2143  3380  3391  1452  1000  1314   179  2878  2752  1903  3258  2763   922  2946   938   971   506  2343   832  2393  1647  2805  3187  3455  1812   449  3579  3109   937    95  1086    46  3447   764   913  1554  2095  2394  3595  2369   139  3200   968   707
  3150   984  1714  2642   642  2254   128  1983  1449   593  2186  2397   754   972  3302  2759   789  2196  1664   631   659   940  1339  3214   809  1873  1373  1238  1016  2134   719  1469   775  2894  2682  3060  2648  2851  2293  3424  1001  2151   753   181  2515  3446  1961   815   802  2567   134   673  2595  1989  1526  3055  3375  2799  2219  2874
  1933  2972  2475  3239   168  1709  3527  2165  1809   451  1971  3409  2214  3442  2973  1391   434  2112  2768   676  2299  3216  2548   406  1572  1977  1877  2075  2530  3481  1460   382   245  1874  2149  3159  1789   551  3099  3497   397   908  1787  1513  2210  1552  1533  1026   586  3505   180   820   790  2388   343  1163  1275  1270    64  2696
  1426  2085  3504   132  2439  3340  1814  1058  2257  1856   157  1149  1453   727  1569  3592  1368  2864  3415  1247  2673  2968  3154  2450  1061   249  2578  1614  3161   471  1330   821   747  2652  2957  1638     2  1127     3  1498  2754   388  1171  1422  2620  3336  1372  3156  2493  2645   996  2517   757  3486   177  1510  2348  2801  1359   116
  1768  2453  2294    28  1674  3148  1506   718  1048  3331   213   469  3230   571  2217   292   331  3344  2249  3552   111  1987  1283  2740   298  1235  1724  1157   198  2987  1755   144  2516   317   337  2441  2998   403  2994   402  3421  2662   565  2413  2505  3548  3292  1190  1079  3532  2161  2755  2250  3215  2142  1970  3100   620  1121  2026
  1756  2218  1968  1611  3206   354  2790   834  1345   450  3562   103  1551  1183   316  2495  2391  1318  1365  2606  1932  3196  2892  3417  3012   393  1198   371   487  1261  1758  1305   228    15  2213  2945   587  1819  2271  2103  1315  2248  3436  3411  1150  3586  1509  1774  1575   173  1122  1886  2577  2848  2665   222  2745  1228  3077  2658
   494  3394   239  2686   670  3596  1411  1248  1843   327   368  1806   741   232  1760   142   209  2677  1035  1995   332   804  1891  2252  3201  3588  1005  2509  3364  2021  2460  3396  2897  1713  1044  3275  1164  1123   717  2071  3395   394  2558   859  1678  3138  2139  1643  2822   605  3529  1367  3135   794   338  2756  2832   480  3466  2402
  1544  1659  3218  1306  1230  1256  3235  1428  1794  1779  3209  2051  1205  1346   499  1233  2865  1925  2069   276   591  1965  1298  2712   284   600  3136  2926  2000  1402  1015   330   701    87  2750  2698  1597  2080  2312  2184  3010  1986   856  3345  3026  2272  1644  2811   432  2366  2405   891  3498  2310   702  2027   120  1213  2301  3020
   924   988  1672   874  1942  2649   297  3088  1304  2504  2560    76   147  1055   799   833   291  2588   614  2819  1049  2733  2936  1008  2232  3471  3450   936  3565  2561   818  3515    29   793  1858  3036  2895  3287  1356  1309   224  2099  1538  3027  2316  1976  2925  2042  1423  1406   217  2478  2812  3509  1930  2130   740  2834   456  1087
    47  3433  1292   784  3047  2105  2640  1201  2703  1511  3034  2695   617  1869   577  1959  2380  2915  1916  1494  2233  2154   772  3298    85   169  3366   415   791   667  2807  1259  3452   519   212  1101  3357  3176  1553  2288  2917  2775  3151  1435  1546   929  2025    34   251  2849  1524  1749  3048   495   543  1036  3521  2618  3039   652
  1653  1633   194  3361  2398    13  2033   380  3390  3072  2938    77  3129   867  1200  1073  2410   268    50  1516   127  2626  2162  2520  1166  2709  2140   827  2845   115  2868  2145  1033  1425  3468  3001  1027  3147   930  2067  1655   893  2471     1  3264  3556  1788  1514  2022  2107  1883   907  2672  2870  1165  3338  1518    80  2789  1534
  2997  3041   594  1084   624  1320  3437  2458  2172  3483   440   302  3339  1441   155   948   399   651  2669   606  1225  1938   661  1657  2806  2783   573  2390  1074  1763  3580  1145  1124  2180  2950   925  3228  3327   829  1262  1155  1515  2666  2584  1203  3002  1889  3544  2437  1216  2554  1470  1660  2743   319  2171  2757  2164   281  1120
   978   914  3160   773  1383  3463  1130  1738   490  3536  1237  2116  1067  3104  3190   264   745  2861  1272  2681  2706   321   732  2932  1066   939  2601  1625  1128  1051   710  2282  3022   473   755   466  2050  2935  1606   639  1719  1935  1736  3221  3329  1895  2525  1180  1690  2767  2956  1030   588    31  1675  1432  2689  3005  3374  3112
  2433   387  2278   958  2631  2506  1846  2699  1362   335  1723  2421   552  2328  1273  1770  1639  1661   735  1414  1375   334  1822  3054  1679   467  3240  1366  2424  1351   109   439   694  1195  2886  1618  3491  1867  1563  3164  2877  1816  3097   609   825  2198   933  1499  2474  1444  3090  3016   688  2952  3252  1732  2324  1392  2144  2579
  1098   191  2307  1264   161  2953  1786  2434  3587   257  2941  2412   616  2423   386  1083  2361  1135  1821  3145  3389  2912  1571  2544  1746  1580  2502  2948  2177   218  1857  1898   927   148  3454   126   731   581   892  2168  1892  1386  3082  1743  3500   438   980  2284  1910   674    16  3594  2513  2141  1681  2524   231  2697  2747  3267
  1637   538  2386  3121  3550  1397  2519  2175  1347   226  1421  3297   831  2764  2091  3330   592  1389  1168  1701  1734  1322  1904  2564   311  2884  2685   906  3506  1540  2337  3254  1825    62  3222  1390  3311   851  2793  2772   608  1599  1841  2167  1184   135  1517    18  2060  3013  3350   122   864   647  1979  1888  1311  1528   539  3007
    52  1844   976  3427   491  1393   267  1106  2842    99  2305  1430  3467  2047  2292  2106  3040   905  2600  2077  2660  3051  2468  2888  2965  3290   722  2657  2463  3068  2893  2379  3598   384  2976  1113  2776  2690  2501   589  1721  1593  3220  1214   448   185   182   320  1222   569    93   635    54  1308  3387  1179  3478   918  3393    14
  3314  1648  2539  2500   536  1831  1324  3561  1384  3313  1245   962  2420  2333  2440  2242   641  3273  3120  3029  1658  1107   700   692   760  2261   861  2464   786   299  1133  2188  3443  2939  2930  3289  1302   197   903   805  1951   622  2707  1031  3384  2111  2735  1014   610   911  2014  2132  1947  1468  2927  1353  1461    48  1312  1920
  1269  1817  1677  2247  3173  3510  2083  1512  1085   206  2701  2452  3464   274   512  2034   278  1960  2723   615  1173   852  2507  1590  1334  1980  2839  3030  2633  1954   220   412   318   200  2115  1792  2974  3170  2072  1207  1288  1537  2854  2908  3326  1331   238  3494   513   260  3591   502  3019  1413  2619  2082   190  2836  2049  2016
  2231  3080  1926   873  2543   171  1754  2477   444  2321  1047  2133  2190  3114  2684  1103  2784   414  1454   160  2335  1739  2857   159  1863   504  2808   596  1573   975   156  1134  1791  3372  2785   566  1500  1698   462  1669  2093  2909  1301   619  2751  3337  2054  1081  1974  1253  3127  2594   422  2710   900  3276  3212  3237  3308   427
  2108  3028  2176   375  1683  1077  3259  2716  1323  2128   800  2885  1854  2221  3223  1684  2687  1673  3142   842   534   756  1410   110  1156  1876   810  2084   174  2078  1075  3319  2860   492   208  2800  1218  2984  1395  1063  2462  1556  1202  2700   373  2904  2258  1919   957  3250  1281  2610  2046   601   817  1210  2943  3125  3045  1485
  2156   875  3408   347  2977  1234  1488  1096  3560  1927  3253  3511  1766  3358   339  3564   695  1274  1882  1220  3128  1958   923  1576  3061   376  3530  3458  2238  1328  2934  1486   555   995   359   841  1065  2773  1555   153  2830  3432  1631    67  2319  3459   482   734  1338  3306  2052   578  2989   379  1939   575   850   137  3569  1142
  2889  2523  3545  1598  3303   811  3195  2327  2816  1710  1387  2571  1221  3438   351  1748  1254  3369   781   895    60  2580   341  3413   362  2153  1666  2117  3174   990  1011  3113  2040  1872   511   583  1502   658  3271   446  3318  2565  2907  1525   193  1196  2942  1052  1897   472  2900  1769   981  1363  2675  1003   413  1361  1109  2794
  2359  2490  2576  1043  3262   352    55  2991  2372  2007  3472  2362  1626   390   567  3546   357  1276  3495  2150  3426  2178  1753  3370  1707   999   141  2532   526   333   266  2920  2508  3402  1263  2407   603  1531  2259   458  2683  1278  1071   899  2542  3288    74  2566  1037   946  3535  1223  3213  2170  1344    91  2643   738   712  2647
  3122  2163  1656  2241  1501   529  2094  1651     4   279   396   300  1866  1354  1795  3403  3489  3199  3087  2906  3085   546  1972  1352  2265   912  3593  2137  2191  2131   296  3367   563  2910  1464   233  3371  2465   223  1583   662   837  2990  1589  2068  3517  3241  2136  1689  1890   843  1403  1473  1587   520  3487   488   767  2012  1137
  1706  1300  2815  2803  2514  3245  2211  2583  2264  3474  1896  3490  1475  1095  3299  1640  2655  2841   964  2875  2159   349  2937   404   822  2365   665  1619   876  2967  1697   580  3321  1601  1154  2823    70  2615   468  2553  2638  2181   324  2374   944  1445  1429  2119   640   816   653   363  1668  2487  1446    10   285  1076  2694  3248
  2065   765  1159  3523   542  1634   303  2260  2961  2070    96  3584  3568  1252  2736   932  3359  1404  2467  3333  1394  2853  3152  2911  1773   730   627   960  2322  1550  2209  1718   858   844  2484  2738  1341  2627  3198  2425  2037  3032  3362   378   102  1969  1584  1712  2383   970  1495  2059   558  1708  1100   947   112   706  1116  1973
  3286  3538   801  3537   496  1206  3168   286  1057  1374  2623  1490  1945   621  3414  1018  2384  1377  3477  1038   920  1570  3448   792  1591  3035  3059  1612  2732   477  2411  1985   991  3064  2057  3291    26   945   708  1588  2859  1646   250   478  1864  2109  2871  2202  1613  1549   189  3469  3272  2408   423   749  1313  3076   464   788
   776  3513  1443  1398   204   613  3219  1242  1564  1782  2429   287  3301  1148   813  1997  2197   633  3229  1317  1249   162  1780  2090  1878  1720   307  2114  2340  3192  2246  3315  2653  1992  1908  3091  3525   889  2017  1988    89   289  1448  2457   579  1918  1699  2273  2866  2702  1530  2376  2035  1208  1818  2622  3024  1917   762   857
   849  2121  1219  1999   340  1246  1984  1629   779  1266  2679  3485  2964  1215  2919  3310   203  1491  2005   322  2200  1943  3542  2018   819  2533   516  2531   430  2182  3185  2891  2661   686  1807   549   890   255  3496  1232  1785   336   682  2332   192  1859   848  2581  3115  1865  3086  2924  2417  3256  2442  2593  1913   146  1236  2031
  3050  3488   247  2705  2522  1401   921   246  1783  1265   637  1722  1730  1343  3567  3189  1381   798  3480  2331  2557   556  2330   121   130  1798    17  1303   518  2744   486  1119  2947  3522  1520   437  2729  1784   949  2032   953   733  1777  3006  1803  2058  1726  3043  3557   133  3575  2123  1665   649  3167  1025  1456  3268  1800  3108
  1332  2724   176  1333  3194  3440  1138     5   199   742  1567  1474   106   288  2589    36  3577  1295  2844  3163  2081  2227  1900  1291  3574  1029  3172  3111   986  3571  1861  1147  2444  3000   152  1662  2492  1839   677  1850  2427  1492  1408  3553  1915  1211  3519   979  1545  2356  2916   881   101   814  3101  2746  2309  1415   105  1949
  1848   690   909   241  2526  2482   869  2313   803   210  1307    19  2574  2409  2406  2096  3246  2931  3038  1609  3075   163   498  2840  2966  1578  1480   721    65   533  2306   967  3285  3476  1703  2914   295   943  2867  3207  1438  2975   683  1287  3293   269  1827  1826  1885  3224  1181  3388  3583   657   650  1652  2590  1834  2714   666
  1257  3348  2719  2798   910   726  2315  2847   629  1056    38  1906  2416  1023  2503   894  2995  2225   497  1622  2792  1870  2029    92  2536  2426  1899  1111  2663  3181  1290  1099  2821  3021   916  2902  2404  1229  2311  1761    25  1126  1286   709  3126   744  1744  2782  2266   973  3205  2540  3065  1717  1828   711  2592   310  1605   599
   214   698  2023  2485  2742  3095  2280  2880  3342   501  1813  3351  2300   527   172  2636  2206  3242  2036  2614  3334  3025  1842   759   275   248  2933  3475  3183  2253  1140   632   234  2734  1833   240  2234    72   452   282  2079  3227   294  3576   261  1921   131  2015   645  2353  2538  1680  1998  1851  3067  2053  2263  3004    68   669
   720   370  1568  2192  1217   114   308  2621  2262  3238  2044  3175  2569  3282   479  2003  3057   149  2510  2387  2100   129   598   998  1558  3284   428  3508  1185  1747  2166  2758  3146  2403  2928   356  3042   312  2852  2528  2820  1299  3385  2251  3046  1191   602   418  1875   459  1412   346  2843   364  1585  1855  1635  2436   660  3257
  2056  1009  1280  3166  1504   824  1632  2415  2062   463  2604  1845  1543  3317  2981  1505   531   521  2637  2470  3453  2454  3407   954  2829  3325   636   304   766  3186  1194  3434  1700  3585   345  1161   225  1990  1114  1174   263  3009  3017   983  3418   699  2008   644  2879   994  1953  3493   693  1187  3412  2124   360   385   409  2499
  2887   737  1062    79  1108   372   623  3251  3165  3376  2076    98  3441  3116  2498    59   863   886   230  2207  2551  2104  2212  3600   395   474   348   618  2983  1450  1836  1608   401  3033  3462  1284  1765  2382  2777  2291  1602    81   860  3202   216   763  3078  2341  1616  2430  2074  3263    84  2656  2480  3300  1577  2824   483  3392
  2963   797  1527   751   186   612  1914    37  2778  2512  3397  1178    66  3379  1741  2634  1433   675  2229  1952  1028  2791   728  1388  3539  2959   955  3420  1054  2901  2445  1731  2562  1981  2837   768  1396  2881  2883  1670  3269   548  1376  1118  3356   460  1600  1757  1586   433   123  3044  3422   305  2377  1326  3018   136   535  3563
  1152   713  2364  2725  2183  3540  1630  2481  2749  1405  3053  2459  2787  2205  1293  2970   595  2010   942   400   748   252     9  2605  1924  3011   778   195   696  1805   974  2011  1801  2086  1437  1793  3316   872  3514  3335  1258  2708     6   537   716   684  2419  2401   862  2582  3102  1686  2185  3305  2855  2632  2676  2547     8    43
  2549  1849  2999  1010  3162   951  1279  3244  1294  3117  1716  1853  3177   917   997  1476  1046  3118  1693  2329  1020  2422   769  2731  2659  1434  1624  2126  3507  2378  1060  1068  1045   855  2370  1296  3133  1711  2317   870  1385   419  2245  3134   525  2960  1871  3197  1581   836    58  1489   787  2629  1603  1090   408  1824  2641  1177
  2235  2825  2949   517  1479  3105  2443  3052   687  2575    11   481  1562  2862  1955  1832  1838   431  3056  2352   367  1176  2028   550  1268   178  3373  3226  1610   987  3423   205  2120  2239  1370  1671   564   165  1944  1022  2817  1627  3378  2428  1451  1380   107  1868  3015  2630   582  3169  2951  3124   271   344  2199  2110  3106  1740
  2985  2009  3516  1342  1996   124   283   540  2276  1004   557  3431   780  3225  1139  2628  1902  3063  1737   568   868  1042  1880  1620  3555   928    51  1548  2491   952  2850  3363  1963  3062   785  1251   680     7  1840  1725  2345  3073  3368  1072   704   795  2918  2546  2224  2125   207  2921  1909   447  2101  1884  3589  2556  2944   736
  1466   259  3578  1574  2187  1199   992  1172   590  3428   965  1835   211   407  2608  3280  2809   108  1193  1950  2287  2827  2869  2297  1285  2993  3461    82   597   752  2222   421  3559  1641  2813  3492  1852  2833   681  1477  1032  1704  3069  1811   854   237  2971  2664  2043   758  1399   668   369  2715  3347  1431  2828    35  3236  2607
   634  2038   697  3599  3031  1542  3074  1790  3399  3526  1378   853  1594  3140  1642  2138  1146  1676   215  1901  3141   221  1934  1735  1439  2347  2152   143  2913  2780    45  2668  1536  3328  1131  1012  1561  3123  2873   243   256  3281  2552  2489    56  2135  2237  1239  2835   648  1994  1482    24  1069   934  3157  1654  1436  1529  1685
  1595   664  2646  2173  1621   377  3008  1607   544  1484  3210  2336  2039  2810  1089  2602  1355   685   828   100   475  3322  1053  1277   628  3435    83  1557  1050  2320  3543  2541   118  2722  3346  3204  3309   931   442  3470  2446  3512  2651   183  1623  1006  1592   151  1132  2899  1636  2529  2381  2563  1325  1928   509  1751  3499  1115
  1691   584    32  3416    75  3451  2802   158  1727  2761  1764   244   761   888  2277  3278  2671  3094   532  2045  1649  2226  3107  2650  1937  1663  3410   301   950  2368  3456  3479    30  2986   353  2455    90   865  1379  1715   470  2351   570  1467  2290   242  3089  3343    69  1696  1093  3473  2586  3439  2092  2760   743   389  3381  1167
  3398  2479   150   866   253  3079  2019  2704  2438   879  1463  2203  2118  2534  1745  3323  1931  3400  1497  2726   574  3533  2587    63  1521   770   328  2371  1493  2980  2193  3528  2169   522  1471  1136  1729  3261  1523  1088  1141   626   678  2006   374  1209   166  2363  2905  1667  3171   445   663  2872    71  3501  2204  2285   391  3247
  2818   703   671  3341  1002  1936  2357  1478   523  2518   554  2903  2066  2157  2097   771  3597    40  1169  2350  2195   366   989  2160   188  2958   541  1991  1360   258  1364  3324  3534  1887  1781  2992   878   915  2796  3119   500  3049  1243  2004  3353  2360  2585   904   405  3582  2597   270  1522   646  1082  3211  3444  1682   170  2774
  1582   309  1092  1481  3131  2713  2473  1559  2788  2795  2711  1329   325   806   808   164  1975  1188  1539  1419  2691  2693   416   723  2611  2323  2955  1040   576  1459  3180   265  1112   783  2041    33  2720  2223  1078  3549  2771  1013   715  3098   812  2555  1911  1762  2334  1455  2527  1962  3274  3405  2270  3554  1462  2570  1039   883
   420  1894  1327  2389    73  1617   882   510   901   654  1862   887    20  3354    94  1705  2762  1993  2179  2625  1912  1967  2385  3096  3382   777   435  3377  2826  1094  2201  2346  3573  2858  2208  2342  1244  3093   485  2923  2269  3149   643  1267  2537  2982   739   383  3383  2230  2158   963  1982  1097  1907  2979   507  3425   429   329
  2431  2127  1282    21  2856  1650  2174  2146  1110  3103  1117   846  3296  2890  2020  1966  2461  1151   425  2573    57  2267    27   826  2876  3179  3320   306  3386   154  2061  2113  3184   840  1596   691  3547  1255  3349   465  2063  1948  1197  3355  3058  1105  2418  2279  2296   993   461   493  2147    88  3188   604  2988  2737   398  1070
  2098  1104  2644  1189   219  2486  1728  1547  1337  2596   966   839  3283   342  3551  3231  1775  1458  1321  1143  1628  2451  1319   476  2922   365  1615   411  3406  2572  2449  2102  1271  1358  2275  1796   293  3153    39   959  1941  3083   410  1158  3277  1771  1034   560   443  3518  2338   454   323  3191  2396  2289  2339  3294  3312  3182
  1802  2255  1024   689  3092   898  1946   254  2769  3520  1400  3066   897  1566  3457   871  3084  3566   902  1752   545  2688  2678   559  2189  3110  2064  2831  2048  3430  2940  1349   969  3352   426  2244  2599  1357  3266   746   572  2349  2765    86  3260  1102  2654   453  3570  2240   625   358   524   314   202  1956    53  2399  1407   941
  1041  2559  2215  2472  3137  1541  2766  1964  1879  3037  2739  1162  1829  1182  1922  1080  2194  1021  3531  2354  3070  2617  1017  1929  1427  3270    12  2375  1532  1059   175   705  2448  1064  2786   547  3155  1579  1823  2122   823  2024  1905  2030   273   503  1416  1694   607  3203  1860  1940  2770   638  2466  1153  2308  1692  2073   315
