440 380 
700 780 
400 530 
260 290 
310 470 
470 440 
670 560 
610 720 
730 730 
520 460 
520 400 
330 400 
390 360 
370 560 
430 460 
350 440 
640 610 
360 460 
700 640 
310 320 
320 290 
680 660 
350 560 
430 570 
490 430 
460 400 
500 500 
790 760 
590 720 
570 560 
620 580 
540 690 
580 580 
460 370 
760 750 
340 520 
650 620 
310 360 
750 770 
640 590 
570 550 
490 590 
500 770 
560 530 
660 600 
480 430 
500 320 
630 620 
310 300 
580 670 
520 320 
440 480 
390 370 
310 450 
530 390 
520 360 
450 590 
360 420 
590 620 
380 280 
380 390 
750 700 
370 270 
670 560 
720 670 
510 590 
590 480 
560 620 
570 670 
570 610 
360 400 
470 510 
510 460 
390 610 
440 350 
260 290 
420 360 
480 500 
380 510 
590 510 
410 470 
640 510 
470 380 
590 610 
510 370 
750 780 
320 460 
620 570 
560 550 
500 480 
480 470 
660 540 
640 640 
650 710 
510 670 
570 600 
650 560 
430 410 
650 690 
660 580 
540 610 
360 440 
550 600 
620 720 
650 600 
610 740 
660 610 
470 450 
280 410 
440 400 
360 390 
530 540 
460 610 
410 390 
460 350 
730 640 
550 590 
630 480 
700 650 
510 560 
500 610 
530 450 
620 750 
600 380 
410 390 
480 480 
460 490 
490 580 
410 540 
650 620 
440 380 
550 630 
550 640 
760 600 
610 570 
400 460 
410 370 
420 430 
360 350 
690 610 
640 710 
550 670 
250 370 
570 530 
390 360 
760 740 
620 530 
580 530 
390 470 
550 630 
280 280 
560 510 
570 650 
610 680 
600 630 
430 390 
480 370 
510 410 
460 610 
270 490 
650 750 
570 450 
400 510 
790 790 
670 670 
640 710 
590 710 
330 480 
620 410 
380 340 
650 510 
570 520 
530 390 
620 670 
620 560 
700 720 
500 650 
370 380 
690 730 
500 430 
470 410 
520 670 
600 620 
590 640 
700 580 
500 310 
620 750 
490 540 
360 370 
320 340 
320 420 
550 640 
550 580 
440 590 
560 560 
670 610 
510 500 
590 640 
630 650 
330 510 
380 400 
480 360 
560 630 
430 440 
300 440 
570 640 
540 550 
650 720 
550 270 
410 560 
690 660 
470 550 
490 570 
650 550 
630 650 
580 730 
650 590 
540 610 
410 450 
410 410 
390 560 
660 760 
540 640 
700 680 
380 590 
690 610 
610 550 
750 730 
630 500 
650 590 
320 470 
560 530 
410 340 
390 400 
570 680 
580 630 
660 540 
450 430 
560 530 
400 400 
500 560 
590 520 
620 480 
510 520 
480 640 
340 420 
770 770 
520 680 
760 750 
670 610 
780 700 
430 280 
480 630 
350 320 
520 550 
540 430 
320 420 
490 540 
530 650 
490 590 
510 530 
480 380 
450 570 
470 310 
480 560 
670 600 
400 450 
690 740 
380 550 
500 660 
290 340 
600 680 
550 550 
520 480 
410 380 
650 630 
530 540 
480 560 
460 540 
500 500 
750 650 
550 500 
580 510 
480 530 
520 540 
670 770 
500 440 
410 470 
510 550 
720 730 
460 410 
700 770 
640 570 
430 350 
360 260 
540 580 
420 470 
530 560 
650 660 
250 310 
440 510 
610 570 
400 460 
570 580 
410 490 
470 580 
710 780 
410 400 
680 660 
500 440 
570 580 
260 450 
500 650 
690 600 
730 780 
290 280 
530 430 
450 370 
540 610 
520 500 
590 640 
370 290 
550 660 
540 640 
560 730 
580 640 
590 650 
510 530 
390 450 
570 640 
720 740 
300 540 
510 630 
460 520 
340 420 
440 360 
260 370 
600 610 
480 540 
690 720 
540 440 
730 770 
630 600 
600 600 
420 490 
290 310 
670 590 
590 760 
540 550 
560 690 
380 430 
390 490 
460 590 
480 480 
420 550 
720 660 
530 600 
440 300 
690 610 
430 410 
710 760 
390 430 
300 380 
620 470 
440 440 
550 570 
480 440 
590 520 
470 420 
620 750 
480 450 
490 460 
640 570 
610 660 
460 580 
670 720 
490 460 
520 370 
740 700 
640 630 
350 390 
520 570 
490 510 
460 610 
460 370 
440 390 
380 380 
620 680 
390 480 
540 470 
330 700 
370 390 
630 660 
750 690 
390 420 
650 640 
400 470 
670 760 
490 520 
530 630 
620 660 
640 550 
430 580 
330 320 
510 500 
530 510 
500 450 
340 380 
400 400 
630 600 
770 720 
680 700 
510 480 
630 610 
380 320 
400 460 
480 340 
530 590 
540 500 
750 750 
610 550 
610 630 
590 710 
620 740 
590 670 
630 480 
510 550 
310 610 
280 320 
360 420 
740 610 
670 450 
480 550 
440 450 
390 290 
700 640 
480 530 
600 500 
410 560 
550 680 
570 490 
580 360 
500 540 
560 480 
350 450 
310 410 
420 450 
510 600 
390 460 
590 560 
630 630 
520 570 
330 460 
390 500 
570 550 
450 510 
460 460 
410 510 
350 410 
580 510 
330 400 
450 490 
780 720 
360 510 
470 690 
700 580 
400 440 
540 350 
430 460 
590 510 
640 650 
600 440 
600 460 
650 480 
510 570 
330 390 
650 620 
320 390 
390 350 
510 520 
540 610 
400 450 
620 490 
680 480 
680 690 
370 460 
440 360 
710 590 
410 630 
390 420 
540 490 
720 530 
500 390 
550 410 
420 480 
560 640 
500 500 
560 590 
500 460 
460 590 
